1822 1215 2126 1746
1898 379 2126 531
1215 1215 1367 1518
2073 1036 2280 1382
0 0 0 0
2677 1499 2998 2141
2784 1606 3319 2248
2784 1178 3534 1927
2356 1606 3212 2463
2784 1070 3641 2356
2034 0 3105 1070
1898 1139 2506 1594
1670 1139 2810 1822
1367 1063 2506 1746
1751 1361 3210 2626
2334 1653 3307 2626
2463 2034 3534 2677
2570 2034 3748 2677
1898 531 2506 1746
1670 151 2354 835
2050 911 2506 1594
1974 1063 2278 1746
1566 1044 1958 1305
933 829 1607 1192
1501 979 1893 1370
1436 1175 1827 1566
1370 1044 2023 1697
1370 1370 1827 1762
